0.811991 -0.461548
-1.50515 1.00333
0.197914 0.662164
1.03889 -0.586877
1.09047 -0.144667
-0.183808 0.864504
-1.5803 -1.05173
-0.329522 1.2748
-0.284141 -2.44655
1.16204 1.16582
0.442525 -1.7029
-1.15792 -0.911864
0.923053 -0.698203
0.0888079 0.00546462
0.567213 0.280248
-0.055587 -0.30675
-0.825939 -1.96446
0.027196 0.00390709
-0.577381 -0.231485
-1.7388 -0.0213505
0.731169 -2.8015
0.376943 -0.871072
-0.369832 -0.0413339
-0.18178 0.241329
-0.314437 -0.375216
1.08839 0.363803
0.972466 1.92557
1.2483 0.406981
0.415793 -0.10175
0.308188 -0.05106
-1.09928 0.775586
-0.500325 -0.983812
-0.198018 -1.21661
-0.0875663 -1.36275
0.613566 0.950631
-0.028937 -1.1016
-0.0678872 1.29233
0.374237 0.313368
0.549586 -1.02046
0.917509 -0.913812
0.854618 -0.545401
-0.856625 -0.237921
-0.9432 0.00639371
1.56493 0.852424
0.88992 0.81133
-1.74014 -0.578487
-0.0179846 -1.87936
0.0238703 -0.166879
-0.323595 -0.366012
-1.25398 -1.26822
0.620159 -0.376665
-0.717317 -1.06657
0.114228 1.7942
0.999253 -1.49607
-1.71727 -0.4046
-1.74928 0.296392
-0.453588 0.707249
-0.50747 -0.835942
0.431432 0.802324
0.913959 0.731223
-0.467044 0.592527
-0.36786 0.557551
0.521831 -2.63095
-1.41747 -0.548636
0.658119 1.30915
-1.15716 1.13934
-1.07407 0.03486
-0.694161 -0.605324
0.816211 -0.467049
-0.259168 -1.60911
-0.29066 1.68508
-0.787594 0.244442
-0.913301 0.550214
0.0625829 -0.493102
-0.325508 -0.816339
-0.689298 -0.425734
-0.331699 -0.978085
1.30086 1.70839
0.19585 -0.111998
-0.695227 -1.1106
-0.46449 -0.714618
-0.0265843 0.184202
1.14316 0.261316
-1.12 -0.216049
0.410229 0.548521
-1.49911 1.52511
-1.36042 2.20744
1.02311 -0.404037
-0.923689 1.37363
-1.35664 0.473955
0.248489 1.3253
-0.320865 0.792335
-1.29252 -2.56075
-0.44671 0.324527
-0.703514 0.246925
-0.469495 -0.763994
-1.03239 -0.496395
0.0867816 -0.765058
0.423991 0.604046
0.418042 -0.798368
